0.820757 0.592498
0.122406 0.205258
0.166866 0.197795
0.666198 0.420785
0.849075 0.638299
0.896384 0.396461
0.890492 0.163501
0.123996 0.310069
0.298406 0.132716
0.851898 0.682341
0.131063 0.175419
0.748315 0.036740
0.518720 0.461760
0.262522 0.873553
0.298151 0.878463
0.081422 0.656308
0.506772 0.031278
0.353341 0.400154
0.100631 0.902388
0.364109 0.624682
0.910005 0.679646
0.140567 0.887769
0.026936 0.744246
0.277918 0.852388
0.531011 0.054401
0.139865 0.854907
0.702818 0.194848
0.464299 0.241279
0.648939 0.175446
0.322307 0.316598
0.568010 0.656888
0.324582 0.613879
0.724270 0.657505
0.946843 0.329487
0.563214 0.952383
0.854674 0.195523
0.303360 0.314469
0.148209 0.763556
0.768802 0.467094
0.518405 0.059449
0.189156 0.118298
0.409172 0.835628
0.186644 0.729574
0.413402 0.194999
0.194492 0.735133
0.296020 0.189804
0.106478 0.772503
0.233416 0.109083
0.044375 0.111270
0.086204 0.559990
0.748210 0.873972
0.781006 0.121064
0.243658 0.831662
0.167032 0.299680
0.121567 0.526360
0.034478 0.761218
0.976518 0.223593
0.334337 0.314135
0.294497 0.730473
0.022993 0.932930
0.354140 0.428191
0.369999 0.180132
0.511734 0.962593
0.013747 0.748775
0.577005 0.912427
0.527259 0.488421
0.854926 0.412099
0.765133 0.200651
0.828206 0.144269
0.802706 0.694061
0.385727 0.337306
0.849784 0.074105
0.964183 0.403631
0.123851 0.009788
0.963278 0.637192
0.301408 0.767022
0.319289 0.951784
0.831203 0.127565
0.177461 0.986662
0.089325 0.922833
0.190592 0.031884
0.083741 0.803470
0.089355 0.133003
0.174602 0.038380
0.819321 0.423273
0.066692 0.591095
0.720273 0.201188
0.151703 0.456621
0.935366 0.522205
0.130525 0.258589
0.480816 0.105695
0.729555 0.404311
0.181225 0.171660
0.240064 0.674515
0.981325 0.416475
0.555932 0.984822
0.981815 0.712891
0.362629 0.197677
0.915154 0.276753
0.139077 0.286265
